.Random.seed <-
c(403L, 59L, -1198260462L, -1676827635L, 1873538887L, -2128179922L, 
1894976648L, -1946592885L, -1301667479L, -879097032L, -361007642L, 
1143542145L, 1335133459L, -884456766L, -1087238796L, 1620225399L, 
539170413L, 291895556L, 101026858L, -1921089131L, -770787793L, 
1030902582L, 1127197536L, 2083033507L, -1674915135L, -1455142224L, 
-996170290L, -2114873031L, -1696639669L, -304308486L, -572190724L, 
2074800191L, -556635883L, -1644973524L, -387842302L, -674231331L, 
-688134441L, 1734652350L, -640404488L, 1238427611L, 1871157817L, 
1541970824L, -1587123402L, 996211057L, -958360669L, -2085707022L, 
-234347964L, -91230969L, 128775389L, 1873600980L, -463379206L, 
-831751099L, -1869656929L, 1363299878L, 1373063856L, 1673525075L, 
358060657L, 1261472L, 154949438L, -1763549623L, -1819018501L, 
-1082086710L, 371776556L, 1508860975L, 923143397L, -1234737764L, 
-300038158L, 816190061L, 2146080679L, -324515378L, 1945616168L, 
-855886549L, -2009417911L, 749337688L, 301533446L, -621767455L, 
-408185741L, 1527439586L, 549365844L, 941714775L, 440368461L, 
-420273948L, 348290250L, -973754059L, 374151055L, -403422058L, 
-1876980672L, -1048478461L, -1741696735L, -1354327536L, -205266450L, 
2070123929L, 1814057515L, -1350434022L, -1123345956L, 1947783135L, 
-2022811723L, -682634932L, 896784290L, -1649033475L, -1646178313L, 
720328990L, -699882536L, -1905351365L, 1135518425L, 1443913320L, 
-848773226L, 131492625L, 59237571L, -675509038L, 1432000868L, 
-1165091673L, 1087480317L, 1134595060L, -865565478L, 474220069L, 
1808194367L, 1124890822L, 470381904L, 1853537651L, -1944918127L, 
863795648L, 2128018334L, 1967818089L, 1414036891L, 998031530L, 
-1675632948L, 430899087L, 1199918021L, 1110552444L, 2106429394L, 
-233562291L, -1868571129L, -1684185618L, 177211592L, 1912522699L, 
1402065449L, 1715515512L, 834014630L, 1291614145L, -2028073901L, 
1886102274L, 1478698548L, 1200120759L, 663765933L, -2046990140L, 
532401386L, 1014367061L, -1950001937L, -727745802L, -423410144L, 
-1146831901L, -923438975L, -554184976L, -1685488242L, 1163621113L, 
-120737653L, -30459718L, 1124912060L, 4796671L, 505926741L, 1284620140L, 
1056198594L, -382449635L, -1274840937L, -1384864258L, -133483080L, 
890444187L, 259956729L, -471840952L, 940941942L, 445529009L, 
2133329379L, 1996077746L, 532035332L, 985779271L, -1540756707L, 
657150356L, -1264937670L, -2071336571L, 776407647L, -1987023642L, 
-881467536L, -606904173L, -682021583L, -1444488224L, -252614530L, 
384750345L, -1645365957L, 711870730L, 498563308L, 82642287L, 
-483300699L, 199304284L, 1338893362L, 1960846125L, -890725913L, 
-2130688754L, -1933927704L, -954542869L, -464556663L, -2103374568L, 
493555782L, 80263329L, -203587789L, 1980452514L, 610393492L, 
2045543447L, 1924645901L, -900837084L, 519011594L, -606184331L, 
-1472858161L, -1163585322L, 984742016L, -1181104445L, -1569886111L, 
1172267216L, 918526510L, 1718578137L, 1617851371L, -1352330662L, 
-97778660L, -1453440737L, -1589612171L, 1605447692L, -403916318L, 
-307371331L, -583131849L, -617105620L, 796126068L, 1682391954L, 
638323296L, 1161392012L, 804099936L, -1845224478L, 425348008L, 
-32469812L, -765064708L, 117460914L, 709991920L, -945734204L, 
-2120421032L, 78079354L, -1567482448L, 2083390396L, 1320462420L, 
-88662078L, -800983008L, 749228220L, -693437872L, -229271582L, 
1205657192L, -254337460L, 1404889340L, -2011484174L, 144606464L, 
-532382860L, -484476920L, -411006534L, 965660112L, -1457597460L, 
894806932L, -1130394670L, -963276960L, -2082834100L, -248995552L, 
253685634L, -646385944L, -1069090580L, -535151044L, -72473742L, 
493430384L, -1996813276L, 1609588536L, 1056948378L, -1557453104L, 
-524958532L, 1573464724L, -680445310L, -1062473536L, 167609660L, 
-1394014064L, 401727010L, -2075796984L, 1835357452L, 1837081244L, 
-1041820142L, 1109037440L, 1345126932L, -36430296L, 1503191354L, 
978852816L, -1881362836L, -361612492L, 1528025746L, 1022748000L, 
469546316L, 2134303712L, -1965686878L, -1130553432L, 1498320780L, 
1353554620L, -1284293774L, -1553309456L, 453618756L, -2114269864L, 
194048058L, 1589756784L, 838431804L, 72198932L, 1063996866L, 
1046858976L, -1423706244L, 610629328L, -1842201950L, 1008735272L, 
-1046331124L, -867144772L, 995829042L, 1015617472L, -1521547724L, 
-1459344440L, -433011526L, 386262928L, 1415916012L, 1813812308L, 
-984188270L, -1103688928L, -1729887796L, 1911217120L, 278206146L, 
-334006744L, -72061268L, -395073860L, 372842994L, 1347180848L, 
437266596L, 403815096L, 2050285402L, -1787568752L, -924693124L, 
-62238444L, 1207668034L, -1157934336L, 513903548L, -1035988144L, 
-1885289182L, -831575736L, 198732812L, -1112408996L, 1596744914L, 
-1345485824L, -2627756L, -1954768408L, 1985518586L, -1723274544L, 
161899820L, 100973812L, -1204427886L, 1906117728L, 944707852L, 
-893756704L, 1356555618L, -635005272L, 478838348L, -356420740L, 
-1953300686L, -1040661904L, 1480134980L, -1077950504L, 1339114618L, 
228977200L, 1045704380L, -1735250092L, -1131790782L, 1881669536L, 
-392225604L, 696676816L, -589594270L, 2050770920L, -1031627828L, 
-1825997060L, -1518902286L, 2046227584L, 1324540148L, -784150392L, 
944730426L, -1573186736L, 1540907116L, 1111555220L, -1981995694L, 
132448992L, -679121716L, -2065224544L, 630640002L, 1079885032L, 
2073545964L, -567482308L, 1961311346L, -1684046736L, 1361551908L, 
-946964936L, -685260262L, -45034288L, -1509112260L, 1243386004L, 
405773442L, 685759424L, -1086893764L, 168435344L, -784763870L, 
674111496L, -1846221684L, -1989524452L, -639233902L, -922696576L, 
803638292L, -1209239768L, -2005239750L, -1622710064L, 1536043116L, 
-1780351308L, -843641838L, 1075147744L, -1726159924L, 495694304L, 
-475011038L, 546702632L, 976343308L, -49839556L, -540219150L, 
-1450201872L, 360519492L, -170996648L, 1747920442L, 1634078960L, 
1598383804L, 1451262484L, -1281282878L, 600685152L, 989225340L, 
1454730448L, -1451284446L, -1195850584L, 1394086284L, -880553540L, 
1502411826L, 1576638272L, -670854476L, 289201480L, -208574790L, 
-1043524848L, -1871546132L, 1851333716L, -1492649198L, 890055506L, 
56662944L, -2073039223L, 1542675131L, -245890804L, 1939668122L, 
2118484495L, 314197593L, 1443453678L, -2042506884L, -596762131L, 
1853664919L, 161278304L, -1312043714L, -1107468789L, -59626867L, 
-1229854790L, 2061751800L, 2057499041L, -1454303405L, -1953794444L, 
-2093541374L, 493044375L, 118967393L, 581486758L, 918550692L, 
1253249365L, 500707839L, 746727576L, -126454346L, 672702019L, 
687309701L, 90531874L, 1519708944L, 1797023417L, -779797653L, 
526217820L, -849686646L, -201515137L, -1765903671L, 223869790L, 
-100368372L, 1523593181L, 645806823L, 1266627344L, 708438574L, 
-1573302053L, -1652716099L, 1144372010L, 362222536L, 1002442993L, 
-1920733597L, -509281692L, -646080110L, -1968286105L, -1541966287L, 
-179950730L, 357023892L, 1556565669L, 317553583L, -558081944L, 
-602231738L, -997053965L, 1953617237L, 329793330L, -1175858432L, 
-993200151L, 1041582683L, -1527163732L, 138357434L, 146047087L, 
-557031943L, -1652094834L, 1270931804L, 1806506445L, -741802697L, 
-1878822976L, -19445602L, -1080201877L, 549844205L, -1088338598L, 
772433432L, -1416154239L, 1413884211L, 85362516L, 1146282338L, 
2110786039L, 1512294977L, 1499963078L, -1016340476L, -433279051L, 
918134943L, 1710628088L, -1409317674L, 632665443L, 542277925L, 
-360384830L, 1821635504L, 1063129049L, -385070773L, 517091260L, 
537503722L, -1793232865L, -1743030615L, 681519678L, -822888660L, 
-399249027L, 1817702343L, -2106878288L, 1472140494L, -1089479173L, 
-226032035L, 1541443978L, -2109052504L, -12990703L, -500492797L, 
-1327345404L, -999103182L, 354169735L, -352058927L, -1029137578L, 
-288788172L, -2110042043L, -2064607089L, 808285704L, -2040489434L, 
-2143376685L, -2092499915L, -1141365870L, 327353184L, 54509257L, 
1047618043L, -1908929076L, -502145958L, -1002471089L, -1583071207L, 
-1495325138L, -721220548L, 2095868333L, -617174441L, -1685339232L, 
-1077483266L, -1588831285L, 1100053965L, -1366421254L, -2048830664L, 
